18030156094
18059981313
18150893397
18198381884
18150895258
18359122790
18150890801
18350253587
18359222375
18350202489
15305067517
15059539253
18150892259
18227241598
15506927812
18559142919
18150890835
15305979987
18150891105
18259486520
13656039875
18059702523
13459269372
13859940163
13950109423
15606099795
13696908169
17689324223
18150893358
18559269608
18850567073
13616051722
18950070266
15805927857
13950080865
18859229517
13696958863
18150892321
18060968776
18850302118
18150890732
13395056875
15960247560
18259731899
13661431849
13950698454
15005917773
13860487336
13338532890
18359713863
18805073849
18030275214
18150892135
15985826797
15985850963
18659279634
17710391108
18986319491
18060968694
13023902079
13774708732
13799848859
18850181090
13950085458
15960374723
18950146985
18759201174
13606943257
18150892226
13063001455
18150895585
18150896011
13559219311
18750946703
15859231313
13459693326
15859280061
18959293282
13806945799
13696956412
13666002274
15860758739
13599504607
18906056350
18150891006
15396269648
18150891608
13606915693
18020725363
13850016310
18060968900
15750723990
18063772688
15396263551
18818255553
13860839210
15923692218
18150896055
18150892215
18859290606
13696910551
15345040331
13600959650
18150893939
18259212133
18950089047
13806041359
13004984225
13625018064
13860115073
15259202041
18965120802
13656021542
15980970020
18350291720
18150890752
15260173537
18150893955
15260670885
13400611631
13600916280
18150891711
13860452950
18150890956
18050097390
18950069902
15080339752
13074866615
13063093148
15159250704
18850555609
18101193015
13599524628
13163908948
13559496050
13656000821
15880359917
18150890270
15606954119
18649625753
18150084867
13606078161
13101435491
13255060936
18250733075
15980971601
18650461202
13656948275
15105978114
18059853270
18150895765
18150895505
13666060572
18050089696
15105991364
18190486300
15959288294
18150892655
18150891899
13950036857
13950162104
13666079722
13554103328
15659020295
18159801905
17704624082
15819719515
15759250211
13517914750
15259218539
13599909897
18150892890
13123391558
13275927058
13605916130
15960255582
15605924906
18351960787
18205919450
18059869312
13774691194
15280108008
15060733619
17605082540
13799747726
18106099385
18150893651
15606095040
15907242525
15985897372
13400795534
18150890865
13696915235
15960368039
13906041328
18116177576
13159314616
18150893538
13950121570
18150890293
18759221607
15160060499
13799263795
13062230528
13959266014
17306067778
18150892056
15711588159
15750800295
18150895705
15060772767
18050600625
13063093685
13616069072
18150895398
18859287093
18150893911
15959159946
13275927040
18650964353
15059216505
13045923346
18750209277
13616002718
18065729987
15860149616
18050089926
18850582481
13358305320
15959347961
15606925078
18150890078
13225924473
18150891251
18150895508
15980810191
18150890195
18150895097
18150891273
15298127581
18959205259
13600945193
18150891680
18060968780
15080306622
15985866274
15061966351
15779379950
18150895700
18150892210
18259478085
18650490495
18060968936
13799285602
13616000996
18150890318
15221195587
18506952258
13806052089
18149508149
15105959501
18159786977
18350257201
13400623634
15805913277
18150103989
13459011345
13666937466
17689324119
13268392781
13774688196
18150891538
13606005642
18379405653
18150891911
15506926007
18906057411
15206171628
18060968599
13774655139
18250740275
17689326921
18959609331
18649829373
13400773779
15359340839
15960825354
18150892670
13606076052
18060968816
18906039985
18030070732
13225086943
18150890525
15726558011
18150890657
13003882612
18150893112
18150892908
18150893091
18150893273
18859152300
13599520437
18150895069
18020630946
18106951193
13779942659
18150891303
18150891017
13950824598
13395012435
18150892031
18150893799
18150893962
18060968881
18150893878
18060968951
18950089058
13666054213
18250805691
15960827871
15160043898
15711502339
13720873863
13605032551
15959268186
13860484390
13606908224
13860476671
18060968969
18150890080
15960818131
13459047606
15659800615
15805923849
13860120991
13860116197
13959268818
13625013177
13666005082
18150895785
13599922866
13850084662
13859923191
13459287225
13779925707
13850032910
13696939713
15960360571
18030300311
15060733903
15980858887
13400709523
15060775809
13559498256
13799771564
15860716385
13606933770
18150892353
13459289993
15080309975
15859231326
18059228595
18650129115
15960258937
15060760524
18350240950
13696964206
13313840100
15105980318
18650808408
13600938603
15359267678
18150361436
15060767571
18359239780
13395051280
13695013691
15880207902
15280251797
13779930064
18150895538
18150892680
13860153367
18950115280
18159285110
13666013909
18150893151
13646012225
18030086518
13123386689
13696910024































